player_name: Wemmbu
language: en_US
setlang: false
last_location:
  world: um
  x: 9869.672613461267
  y: 68.90199999809265
  z: 9841.28351270814
  pitch: -7.0499244
  yaw: -271.06354
logout_location:
  world: um
  x: 9784.48576244551
  y: 203.12263044884733
  z: 9920.300000011921
  pitch: 74.399956
  yaw: -189.76288
default_home: ham
homes:
  ham:
    world: um
    x: 9357.107625162216
    y: 64.0
    z: -7334.0830784103855
    pitch: 1.3500179
    yaw: -270.65576
  like:
    world: um
    x: 9869.672613461267
    y: 69.0
    z: 9841.28351270814
    pitch: -7.0499244
    yaw: -271.06354
