spawn:
  world: um
  x: -187.61239509830438
  y: 64.0
  z: 252.5549727404941
  pitch: -1.9499886
  yaw: 0.8999398
